588654
575091
593472
590106
538428
600435
587301
596310
596343
590469
594429
533115
597762
599115
599280
593175
519288
592416
534930
590337
558327
584694
592977
572484
476586
575157
471966
593439
407550
572022
585156
592779
595320
603075
591129
566313
586872
598884
583440
580569
561957
499818
591063
601458
572121
542190
496518
431211
597531
590205
596607
573243
537438
532158
601095
594231
600468
552915
596838
539484
596211
593901
496947
590601
592053
600600
599808
415536
597993
600765
575916
594132
556479
597597
594660
450978
591591
594000
594594
578292
596376
598686
597564
600831
595815
408177
589611
594462
590535
516978
594825
584991
438504
504636
596673
565587
583176
591921
583374
592713
806912
806912
806912
806912
802816
806912
806912
806912
806912
806912
806912
806912
806912
806912
806912
806912
806912
806912
806912
806912
806912
806912
802816
806912
806912
806912
806912
806912
806912
806912
806912
806912
806912
806912
806912
806912
802816
806912
806912
806912
806912
806912
802816
806912
806912
806912
806912
806912
806912
806912
806912
806912
806912
806912
806912
806912
806912
806912
806912
806912
806912
806912
806912
806912
806912
806912
806912
806912
806912
806912
806912
806912
806912
802816
806912
806912
806912
806912
806912
806912
806912
806912
806912
806912
806912
806912
806912
806912
806912
806912
806912
806912
806912
802816
806912
806912
806912
802816
806912
806912
954368
958464
954368
958464
958464
954368
954368
958464
954368
954368
954368
954368
954368
958464
958464
958464
954368
954368
958464
958464
954368
954368
954368
950272
954368
954368
958464
954368
954368
958464
954368
954368
954368
958464
954368
950272
958464
958464
962560
954368
954368
958464
954368
958464
958464
954368
954368
958464
954368
954368
954368
954368
958464
954368
954368
954368
958464
958464
954368
958464
958464
954368
954368
954368
958464
958464
958464
958464
954368
954368
954368
954368
954368
958464
954368
958464
958464
954368
954368
958464
950272
962560
954368
954368
958464
950272
950272
958464
954368
958464
958464
954368
954368
958464
958464
958464
950272
958464
954368
958464
1146880
1146880
1138688
1134592
1134592
1138688
1134592
1138688
1138688
1142784
1138688
1134592
1142784
1130496
1138688
1138688
1138688
1134592
1134592
1138688
1138688
1134592
1134592
1134592
1134592
1150976
1134592
1138688
1138688
1130496
1142784
1134592
1134592
1134592
1142784
1134592
1134592
1134592
1130496
1134592
1150976
1134592
1130496
1134592
1130496
1142784
1134592
1134592
1150976
1130496
1126400
1134592
1130496
1134592
1142784
1138688
1138688
1134592
1138688
1142784
1142784
1134592
1134592
1138688
1142784
1138688
1134592
1134592
1138688
1134592
1138688
1142784
1138688
1138688
1134592
1134592
1134592
1126400
1138688
1134592
1134592
1138688
1146880
1138688
1138688
1138688
1138688
1134592
1134592
1138688
1134592
1138688
1138688
1138688
1134592
1134592
1134592
1138688
1138688
1138688
