135	
135,002263
195	
195,0118447
255	
255,0172923
315	
315,0193393
375	
375,0252818
435	
435,0359697
495	
495,0526825
555	
555,0569681
615	
615,067218
675	
675,069235
735	
735,074352
795	
795,004563
855	
855,0660227
915	
915,0705773
975	
975,075132
1035	
1035,079687
1095	
1095,084241
1155	
1155,088796
1215	
1215,093351
1275	
1275,097905
1335	
1335,10246
1395	
1395,107015
1804
1805
1850
1852
1862
1544661883939
1897
1988.0
1990.0
2015
2016
1544662030192
2043
2057.54936504364
2060.3280510902405
2099.049
2101.109
2103.027
2103.845
2104.348
2104.824
2105.971
2106.495
2106.936
2107.377
2107.777
2108.591
2108.942
2109.291
2109.53
2109.774
2109.95
2113.302
2132.081
2161.541
2162.604
2163.309
2163.978
2164.746
2165.799
2166.624
2167.318
2168.964
2169.16
2169.358
2169.543
3080.182
3118.241
3127.903
3147.532
3161.471
3187.373
3226.148
3228.791
3240.704
3251.621
3279.203
3369.69
3391.232
3455.882
3468.0
3529.885
3575.947
3584.417
3612.701
3641.831
3648.473
3659.225
7260.0
3660.798
7260.0
3661.705
7260.0
3662.554
7260.0
3663.318
7260.0
3670.984
5660.0
3674.151
5660.0
3681.582
9661.0
3685.222
9661.0
3685.99
9661.0
3686.6
9661.0
3692.506
461.0
3693.427
461.0
3694.415
461.0
3713.719
7503.0
3744.579
3765.13
3786.598
3809.005
